Version 0.9.7
6
 4 168 310 77 128 0 1
 5 80 400 206 81 2 2
 0 337 17 877 276 8 3
 1 1014 301 206 81 286 5
 3 540 314 203 58 296 6
 0 338 407 877 276 427 7
 0
64
 8388863 5 806 122 806 122 806 116 845 116 845 122 845 122 0 3 0 3
 8388863 5 845 135 845 135 845 135 845 174 845 174 845 174 0 3 0 3
 65535 5 923 109 923 109 923 101 780 101 780 109 780 109 0 3 0 3
 65535 5 962 122 962 122 962 127 793 127 793 122 793 122 0 3 0 3
 255 5 229 324 229 324 229 31 229 31 390 31 390 31 0 1 0 3
 255 5 1157 31 1157 31 1157 31 1157 278 1157 278 1157 278 0 3 0 3
 0 5 229 384 229 384 304 384 304 265 390 265 390 265 0 1 0 3
 0 5 806 265 806 265 806 265 806 226 806 226 806 226 0 3 0 3
 0 5 962 265 962 265 962 265 962 226 962 226 962 226 0 3 0 3
 255 5 884 83 884 83 884 83 884 31 884 31 884 31 0 3 0 3
 255 5 728 83 728 83 728 83 728 31 728 31 728 31 0 3 0 3
 0 5 551 351 551 351 507 351 507 351 507 265 507 265 0 6 0 3
 0 5 1029 370 1029 370 923 370 923 370 923 265 923 265 0 5 0 3
 255 5 1029 312 1029 312 949 312 949 312 949 278 949 278 0 5 0 3
 255 5 229 337 229 337 273 337 273 421 391 421 391 421 0 1 0 7
 0 5 229 397 229 397 229 655 229 655 391 655 391 655 0 1 0 7
 65280 5 1070 325 1070 325 1070 317 1002 317 1002 473 1002 473 0 5 0 7
 65280 5 1089 338 1089 338 1089 328 1028 328 1028 473 1028 473 0 5 0 7
 65280 5 1108 338 1108 338 1108 345 1054 345 1054 473 1054 473 0 5 0 7
 255 5 781 473 781 473 781 473 781 421 781 421 781 421 0 7 0 7
 255 5 989 473 989 473 989 473 989 421 989 421 989 421 0 7 0 7
 0 5 859 616 859 616 859 616 859 655 859 655 859 655 0 7 0 7
 0 5 1067 616 1067 616 1067 616 1067 655 1067 655 1067 655 0 7 0 7
 65280 5 949 83 949 83 949 76 897 76 897 83 897 83 0 3 0 3
 65280 5 910 96 910 96 910 89 1053 89 1053 96 1053 96 0 3 0 3
 65280 5 1040 109 1040 109 1040 103 949 103 949 109 949 109 0 3 0 3
 65280 5 936 122 936 122 936 116 1027 116 1027 122 1027 122 0 3 0 3
 65535 5 1015 512 1015 512 1015 512 794 512 794 512 794 512 0 7 0 7
 16744448 5 1002 486 1002 486 1002 486 1093 486 1093 486 1093 486 0 7 0 7
 16744448 5 1028 499 1028 499 1028 499 1119 499 1119 499 1119 499 0 7 0 7
 16744448 5 1093 525 1093 525 1093 525 1093 564 1093 564 1093 564 0 7 0 7
 16744448 5 1119 525 1119 525 1119 525 1119 564 1119 564 1119 564 0 7 0 7
 16744448 5 1145 525 1145 525 1145 525 1145 564 1145 564 1145 564 0 7 0 7
 16744448 5 1145 512 1145 512 1145 512 1054 512 1054 512 1054 512 0 7 0 7
 16744448 5 1027 174 1027 174 1027 174 1027 135 1027 135 1027 135 0 3 0 3
 16744448 5 1040 174 1040 174 1040 174 1040 135 1040 135 1040 135 0 3 0 3
 16744448 5 1053 135 1053 135 1053 135 1053 174 1053 174 1053 174 0 3 0 3
 16744448 5 1053 226 1053 226 1108 226 1108 226 1108 312 1108 312 0 3 0 5
 16744448 5 1089 312 1089 312 1089 286 1039 286 1039 226 1040 226 0 5 0 3
 16744448 5 1070 312 1070 312 1070 300 1027 300 1027 226 1027 226 0 5 0 3
 16744448 5 1145 590 1145 590 1145 585 1041 585 1041 590 1041 590 0 7 0 7
 32896 5 1054 577 1054 577 1054 570 794 570 794 577 794 577 0 7 0 7
 255 5 430 473 430 473 430 473 430 421 430 421 430 421 0 7 0 7
 0 5 508 616 508 616 508 616 508 655 508 655 508 655 0 7 0 7
 16744448 5 1119 603 1119 603 1119 598 989 598 989 603 989 603 0 7 0 7
 16744448 5 989 590 989 590 989 583 781 583 781 590 781 590 0 7 0 7
 8388863 5 1002 616 1002 616 1002 627 599 627 599 616 599 616 0 7 0 7
 16744448 5 1041 603 1041 603 1041 610 612 610 612 603 612 603 0 7 0 7
 16744576 5 625 577 625 577 625 577 482 577 482 577 482 577 0 7 0 7
 16744576 5 469 590 469 590 469 590 534 590 534 590 534 590 0 7 0 7
 16744576 5 534 564 534 564 534 564 534 525 534 525 534 525 0 7 0 7
 16744576 5 807 499 807 499 807 505 534 505 534 499 534 499 0 7 0 7
 16776960 5 495 616 495 616 495 616 378 616 378 616 378 616 0 7 0 7
 16776960 5 378 564 378 564 378 564 378 525 378 525 378 525 0 7 0 7
 16776960 5 378 512 378 512 378 512 443 512 443 512 443 512 0 7 0 7
 16744448 5 1002 499 1002 499 1002 494 612 494 612 499 612 499 0 7 0 7
 8388863 5 599 590 599 590 599 590 573 590 573 590 573 590 0 7 0 7
 8388863 5 573 564 573 564 573 564 573 525 573 525 573 525 0 7 0 7
 8388863 5 625 512 625 512 625 512 573 512 573 512 573 512 0 7 0 7
 65535 5 638 486 638 486 638 486 456 486 456 486 456 486 0 7 0 7
 255 5 599 421 599 421 599 421 599 473 599 473 599 473 0 7 0 7
 0 5 677 616 677 616 677 616 677 655 677 655 677 655 0 7 0 7
 8388863 5 845 226 845 226 845 402 706 402 706 358 706 358 0 3 0 6
 33023 5 469 473 469 384 727 384 727 358 726 358 726 358 0 7 0 6
6
 7008 1 14 878 135 5 0 0 6332 3
 7032 1 14 722 135 5 0 0 6332 3
 7004 1 14 983 525 5 0 0 6332 7
 7011 1 14 775 525 5 0 0 6332 7
 7032 1 14 424 525 5 0 0 6332 7
 7008 1 14 593 525 5 0 0 6332 7
