Version 0.9.7
5
 4 10 175 77 128 0 1
 5 80 400 206 81 2 2
 0 140 140 877 276 8 3
 1 720 479 206 81 140 4
 3 421 41 203 58 150 5
 0
47
 65793 5 71 288 71 288 71 401 71 401 193 401 193 401 0 1 0 3
 255 5 71 189 71 189 71 151 193 151 193 154 193 154 0 1 0 3
 255 5 960 154 960 154 960 154 960 388 960 388 960 388 0 3 0 3
 0 5 947 401 947 401 947 401 947 167 947 167 947 167 0 3 0 3
 0 5 432 78 432 78 414 78 414 78 414 167 414 167 0 5 0 3
 0 5 648 349 648 349 648 349 648 401 648 401 648 401 0 3 0 3
 0 5 869 349 869 349 869 349 869 401 869 401 869 401 0 3 0 3
 255 5 570 206 570 206 570 206 570 154 570 154 570 154 0 3 0 3
 255 5 791 206 791 206 791 206 791 154 791 154 791 154 0 3 0 3
 16512 5 795 490 795 490 805 490 805 349 804 349 804 349 0 4 0 3
 16512 5 830 349 830 349 830 490 830 490 814 490 814 490 0 3 0 4
 16512 5 804 336 804 336 804 336 843 336 843 336 843 336 0 3 0 3
 16512 5 776 490 776 490 777 490 777 349 791 349 791 349 0 4 0 3
 65793 5 735 548 735 548 674 548 674 548 674 401 674 401 0 4 0 3
 255 5 735 490 735 490 700 490 700 490 700 388 700 388 0 4 0 3
 65535 5 765 297 765 297 765 297 765 258 765 258 765 258 0 3 0 3
 65535 5 765 245 765 245 765 245 804 245 804 245 804 245 0 3 0 3
 65535 5 830 310 830 310 830 310 895 310 895 310 895 310 0 3 0 3
 65535 5 895 297 895 297 895 297 895 258 895 258 895 258 0 3 0 3
 65535 5 895 245 895 245 895 245 817 245 817 245 817 245 0 3 0 3
 4210816 5 830 232 830 232 830 226 635 226 635 232 635 232 0 3 0 3
 255 5 297 206 297 206 297 206 297 154 297 154 297 154 0 3 0 3
 0 5 375 349 375 349 375 349 375 401 375 401 375 401 0 3 0 3
 0 5 505 349 505 349 505 349 505 401 505 401 505 401 0 3 0 3
 255 5 427 206 427 206 427 206 427 154 427 154 427 154 0 3 0 3
 65535 5 791 336 791 336 791 336 765 336 765 336 765 336 0 3 0 3
 65535 5 765 349 765 349 765 350 427 350 427 349 427 349 0 3 0 3
 4210816 5 843 349 843 349 843 342 440 342 440 336 440 336 0 3 0 3
 65535 5 817 219 817 219 817 219 310 219 310 219 310 219 0 3 0 3
 65535 5 323 232 323 232 323 232 440 232 440 232 440 232 0 3 0 3
 16711935 5 453 245 453 245 453 250 700 250 700 245 700 245 0 3 0 3
 16711935 5 700 206 700 206 700 212 843 212 843 206 843 206 0 3 0 3
 16384 5 833 490 833 490 934 490 934 490 934 349 934 349 0 4 0 3
 16384 5 934 297 934 297 934 297 934 258 934 258 934 258 0 3 0 3
 16384 5 934 206 934 206 934 190 336 190 336 206 336 206 0 3 0 3
 16384 5 349 206 349 206 349 196 856 196 856 219 856 219 0 3 0 3
 65280 5 869 232 869 232 869 238 622 238 622 232 622 232 0 3 0 3
 16744448 5 648 232 648 232 648 206 583 206 583 232 583 232 0 3 0 3
 65535 5 427 336 427 336 427 336 349 336 349 336 349 336 0 3 0 3
 33023 5 362 323 362 323 362 317 167 317 167 323 167 323 0 3 0 3
 16384 5 934 336 934 336 934 330 180 330 180 336 180 336 0 3 0 3
 16776960 5 193 349 193 349 193 343 271 343 271 349 271 349 0 3 0 3
 16776960 5 271 297 271 297 271 297 271 258 271 258 271 258 0 3 0 3
 16776960 5 271 245 271 245 271 240 596 240 596 245 596 245 0 3 0 3
 12615935 5 609 232 609 232 609 85 609 85 607 85 607 85 0 3 0 5
 255 5 167 206 167 192 209 192 209 154 206 154 206 154 0 3 0 3
 0 5 245 349 245 349 245 349 245 401 245 401 245 401 0 3 0 3
5
 7008 1 14 785 258 5 0 0 7856 3
 7004 1 14 291 258 5 0 0 7856 3
 7032 1 14 564 258 5 0 0 7856 3
 7011 1 14 421 258 5 0 0 7856 3
 7008 1 14 161 258 5 0 0 7856 3
