Version 0.9.7
5
 4 8 196 77 128 0 1
 5 80 400 206 81 2 2
 0 104 128 877 276 8 3
 1 173 462 206 81 142 4
 3 343 31 203 58 152 5
 0
39
 65793 5 157 142 157 142 107 142 107 270 69 270 69 270 0 3 0 1
 65793 5 157 389 157 389 69 389 69 389 69 309 69 309 0 3 0 1
 255 5 69 210 69 210 69 155 69 155 157 155 157 155 0 1 0 3
 255 5 69 223 69 223 96 223 96 376 157 376 157 376 0 1 0 3
 255 5 188 473 188 473 182 473 182 376 170 376 170 376 0 4 0 3
 0 5 170 389 170 389 165 389 165 531 188 531 188 531 0 3 0 4
 65280 5 229 473 229 473 221 473 221 337 222 337 222 337 0 4 0 3
 255 5 222 194 222 194 222 194 222 155 222 155 222 155 0 3 0 3
 0 5 300 337 300 337 300 337 300 389 300 389 300 389 0 3 0 3
 65280 5 248 473 248 473 248 473 248 337 248 337 248 337 0 4 0 3
 65280 5 267 473 267 473 274 473 274 473 274 337 274 337 0 4 0 3
 65793 5 354 68 354 68 354 68 326 68 326 142 326 142 0 5 0 3
 255 5 339 194 339 194 339 194 339 155 339 155 339 155 0 3 0 3
 65793 5 417 337 417 337 417 337 417 389 417 389 417 389 0 3 0 3
 65280 5 365 298 365 298 365 289 235 289 235 298 235 298 0 3 0 3
 65280 5 378 311 378 311 378 302 261 302 261 311 261 311 0 3 0 3
 65280 5 391 324 391 324 391 313 287 313 287 324 287 324 0 3 0 3
 4227327 5 404 298 404 298 404 298 469 298 469 298 469 298 0 3 0 3
 255 5 469 194 469 194 469 194 469 155 469 155 469 155 0 3 0 3
 0 5 547 337 547 337 547 337 547 389 547 389 547 389 0 3 0 3
 16776960 5 222 298 222 298 222 298 196 298 196 298 196 298 0 3 0 3
 16776960 5 196 285 196 285 196 285 196 246 196 246 196 246 0 3 0 3
 16776960 5 352 233 352 233 352 233 196 233 196 233 196 233 0 3 0 3
 16776960 5 261 324 261 324 261 324 339 324 339 324 339 324 0 3 0 3
 16776960 5 287 337 287 337 287 337 352 337 352 337 352 337 0 3 0 3
 12615935 5 365 233 365 233 365 233 443 233 443 233 443 233 0 3 0 3
 12615935 5 443 246 443 246 443 246 443 285 443 285 443 285 0 3 0 3
 12615935 5 443 311 443 311 443 311 482 311 482 311 482 311 0 3 0 3
 12615935 5 495 298 495 298 495 298 573 298 573 298 573 298 0 3 0 3
 12615935 5 573 285 573 285 573 285 573 246 573 246 573 246 0 3 0 3
 12615935 5 573 220 573 220 573 220 534 220 534 220 534 220 0 3 0 3
 65535 5 378 207 378 207 378 211 196 211 196 207 196 207 0 3 0 3
 65535 5 378 324 378 324 378 331 430 331 430 324 430 324 0 3 0 3
 65535 5 430 285 430 285 430 285 430 246 430 246 430 246 0 3 0 3
 65535 5 430 220 430 220 430 217 391 217 391 220 391 220 0 3 0 3
 65535 5 274 311 274 311 274 311 170 311 170 311 170 311 0 3 0 3
 65535 5 404 194 404 194 404 200 170 200 170 194 170 194 0 3 0 3
 16711680 5 417 207 417 207 417 207 521 207 521 207 521 207 0 3 0 3
 16711680 5 547 194 547 194 547 75 547 75 529 75 529 75 0 3 0 5
3
 7004 1 14 216 246 5 0 0 7076 3
 7011 1 14 333 246 5 0 0 7076 3
 7032 1 14 463 246 5 0 0 7076 3
